50
8
0.25 0.51 0.24 0.11 0.12 0.62 0.37 0.21
0.22 0.89 0.90 0.63 0.44 0.71 0.42 0.65
10
0.482 0.300 0.255 0.518 0.082 0.018 0.464 0.227 0.573 0.109
0.982 0.973 0.855 0.655 0.882 0.682 0.609 0.836 0.927 0.900
10
0.748 0.883 0.315 0.018 0.595 0.423 0.775 0.387 0.306 0.676
0.279 0.523 0.135 0.946 0.126 0.441 0.450 0.189 0.405 0.739
10
0.670 0.991 0.651 0.450 0.156 0.862 0.578 0.495 0.174 0.927
0.761 0.138 0.046 0.248 0.266 0.550 0.771 0.239 0.569 0.376
8
0.83 0.41 0.22 0.42 0.91 0.53 0.58 0.74
0.30 0.16 0.33 0.36 0.93 0.44 0.01 0.60
3
0.31 0.97 0.52
0.76 0.41 0.34
10
0.103 0.785 0.757 0.832 0.523 0.869 0.636 0.234 0.551 0.131
0.346 0.935 0.701 0.897 0.056 0.925 0.252 0.467 0.860 0.402
6
0.50 0.28 0.44 0.39 0.17 0.56
0.83 0.61 0.78 0.89 0.67 0.94
7
0.01 0.64 0.25 0.05 0.16 0.60 0.38
0.44 0.26 0.66 0.65 0.29 0.53 0.06
2
0.2 0.4
0.6 0.9
9
0.245 0.170 0.028 0.377 0.321 0.302 0.009 0.208 0.264
0.415 0.519 0.557 0.585 0.660 0.670 0.481 0.821 0.425
10
0.30 0.31 0.98 0.58 0.47 0.55 0.04 0.93 0.67 0.63
0.14 0.29 0.77 0.54 0.10 0.70 0.06 0.87 0.86 0.66
5
0.57 0.78 0.76 0.86 0.47
0.25 0.33 0.59 0.08 0.90
10
0.09 0.95 0.59 0.91 0.45 0.55 0.32 0.36 0.68 0.14
0.50 0.77 0.82 0.64 0.41 0.27 0.05 0.86 0.73 0.23
10
0.12 0.38 0.03 0.35 0.15 0.18 0.41 0.32 0.06 0.09
0.91 0.76 0.50 0.88 0.53 0.94 0.65 0.56 0.74 0.47
1
0.8
0.1
1
0.3
0.7
10
0.67 0.82 0.70 0.47 0.93 0.91 0.51 0.75 0.61 0.49
0.44 0.14 0.07 0.40 0.19 0.16 0.32 0.30 0.25 0.12
10
0.48 0.67 0.43 0.38 0.76 0.14 0.24 0.05 0.33 0.57
0.10 0.62 0.86 0.19 0.52 0.81 0.71 0.90 0.29 0.95
10
0.13 0.99 0.81 0.88 0.21 0.32 0.68 0.72 0.61 0.47
0.84 0.49 0.71 0.82 0.51 0.28 0.09 0.11 0.46 0.76
10
0.56 0.20 0.84 0.87 0.69 0.16 0.62 0.51 0.45 0.02
0.71 0.93 0.44 0.89 0.67 0.07 0.40 0.33 0.24 0.75
10
0.08 0.75 0.15 0.65 0.98 0.69 0.31 0.81 0.06 0.12
0.40 0.29 0.67 0.73 0.88 0.42 0.94 0.37 0.17 0.19
1
0.36
0.55
3
0.6 0.7 0.9
0.3 0.4 0.1
10
0.68 0.63 0.65 0.90 0.83 0.60 0.93 0.85 0.88 0.70
0.17 0.08 0.43 0.38 0.50 0.15 0.35 0.27 0.58 0.53
10
0.52 0.45 0.07 0.93 0.86 0.90 0.10 0.38 0.28 0.59
0.83 0.79 0.34 0.21 0.69 0.55 0.03 0.41 0.97 0.76
4
0.3 0.4 0.1 0.2
0.8 0.5 0.7 0.6
10
0.442 0.702 0.663 0.923 0.385 0.279 0.510 0.365 0.587 0.846
0.048 0.904 0.875 0.067 0.077 0.981 0.885 0.183 0.481 0.413
10
0.18 0.74 0.86 0.68 0.56 0.47 0.95 0.60 0.42 0.84
0.02 0.32 0.28 0.37 0.44 0.25 0.81 0.54 0.46 0.72
10
0.61 0.88 0.55 0.96 0.95 0.02 0.73 0.48 0.07 0.14
0.27 0.20 0.29 0.18 0.66 0.12 0.37 0.41 0.21 0.77
7
0.63 0.82 0.68 0.79 0.03 0.53 0.32
0.89 0.47 0.37 0.45 0.66 0.11 0.08
10
0.05 0.02 0.36 0.69 0.55 0.62 0.88 0.98 0.07 0.12
0.17 0.79 0.64 0.26 0.60 0.86 0.95 0.10 0.93 0.29
2
0.71 0.05
0.57 0.43
10
0.49 0.39 0.98 0.33 0.08 0.04 0.51 0.82 0.69 0.83
0.43 0.94 0.71 0.18 0.67 0.61 0.56 0.26 0.14 0.72
10
0.51 0.24 0.30 0.62 0.27 0.11 0.43 0.03 0.59 0.68
0.76 0.70 0.41 0.14 0.84 0.78 0.22 0.65 0.16 0.08
10
0.68 0.18 0.76 0.81 0.98 0.96 0.97 0.67 0.58 0.84
0.48 0.08 0.93 0.04 0.26 0.83 0.27 0.61 0.73 0.74
10
0.14 0.34 0.31 0.10 0.86 0.52 0.79 0.24 0.97 0.93
0.62 0.38 0.07 0.72 0.28 0.48 0.66 0.90 0.76 0.83
10
0.162 0.448 0.019 0.048 0.190 0.248 0.143 0.457 0.343 0.286
0.714 0.629 0.695 0.962 0.648 0.790 0.590 0.562 0.781 0.514
10
0.34 0.18 0.10 0.23 0.13 0.36 0.06 0.09 0.12 0.04
0.87 0.58 0.51 0.42 0.74 0.59 0.66 0.67 0.50 0.56
10
0.26 0.19 0.37 0.21 0.28 0.05 0.09 0.12 0.33 0.23
0.60 0.88 0.81 0.53 0.70 0.47 0.67 0.63 0.49 0.98
10
0.72 0.91 0.96 0.74 0.79 0.63 0.98 0.77 0.68 0.82
0.11 0.19 0.40 0.60 0.54 0.30 0.25 0.14 0.02 0.47
7
0.58 0.46 0.81 0.26 0.70 0.97 0.90
0.01 0.45 0.86 0.41 0.59 0.68 0.14
10
0.822 0.738 0.776 0.963 0.607 0.701 0.935 0.757 0.654 0.813
0.159 0.121 0.028 0.318 0.383 0.579 0.299 0.252 0.178 0.271
10
0.07 0.44 0.15 0.14 0.28 0.50 0.69 0.17 0.65 0.13
0.21 0.38 0.35 0.19 0.56 0.60 0.04 0.18 0.08 0.83
10
0.49 0.68 0.44 0.80 0.99 0.66 0.47 0.54 0.90 0.76
0.06 0.15 0.08 0.41 0.28 0.03 0.24 0.05 0.38 0.20
2
0.67 0.93
0.33 0.20
10
0.78 0.83 0.25 0.69 0.19 0.18 0.82 0.27 0.53 0.30
0.89 0.70 0.21 0.90 0.03 0.35 0.96 0.50 0.77 0.58
6
0.74 0.52 0.55 0.23 0.77 0.97
0.58 0.68 0.61 0.65 0.87 0.32
10
0.84 0.02 0.30 0.39 0.42 0.88 0.56 0.33 0.74 0.12
0.44 0.11 0.63 0.60 0.32 0.91 0.70 0.51 0.89 0.16
10
0.81 0.11 0.04 0.19 0.48 0.89 0.59 0.63 0.41 0.52
0.44 0.70 0.67 0.22 0.07 0.15 0.37 0.30 0.26 0.74
