100
30 193
1 9
7 65
427 581
3 5
156 584
954 985
10 120
83 553
598 919
9 221
9 122
65 121
4 10
3 9
3 65
274 436
121 484
1 742
352 658
1 2
307 776
378 901
484 584
1 104
77 463
782 988
377 549
1 5
1 6
63 711
32 799
1 101
303 485
33 333
21 122
8 584
136 430
111 832
484 484
121 485
1 484
34 681
483 584
130 282
7 221
8 121
343 739
3 4
1 109
3 104
389 456
1 121
1 122
4 584
121 742
478 552
8 9
121 584
637 907
274 416
65 122
384 484
108 600
4 4
7 742
1 485
358 803
207 923
15 373
56 144
483 742
3 121
122 1000
589 773
484 485
7 9
7 121
65 221
100 1000
1 10
4 9
65 485
120 121
8 10
211 427
1 1
339 823
7 10
346 365
404 509
1 584
443 762
21 485
555 896
1 4
524 897
497 777
1 1000
122 483
