100
483 485
113 923
1 5
7 484
7 122
484 484
209 989
65 485
1 104
250 403
568 963
4 302
1 121
4 5
9 10
3 6
122 1000
9 121
121 302
406 826
1 742
10 120
876 886
733 900
8 10
8 109
21 302
216 553
7 10
1 584
177 361
1 6
120 485
4 6
267 520
900 981
9 139
1 65
384 584
303 742
268 853
4 109
8 121
538 995
467 721
69 319
8 221
1 1
1 1000
8 9
121 742
1 10
441 696
3 484
4 484
483 484
1 101
1 122
120 221
9 65
745 851
113 693
7 65
294 781
7 121
8 742
43 452
162 518
317 820
121 584
120 154
4 4
3 9
348 731
121 484
120 122
48 895
122 483
1 109
3 5
3 4
21 122
1 302
1 4
121 122
1 9
121 485
100 1000
3 10
300 629
481 589
433 486
384 485
147 303
1 2
23 151
484 485
1 221
3 65
8 302
