100
182 334
483 484
1 104
102 481
1 122
145 932
8 121
121 485
609 799
484 742
1 10
165 460
4 104
3 6
204 337
1 6
121 484
357 442
1 302
547 826
116 827
3 742
7 122
1 4
218 723
120 121
1 65
1 2
1 584
384 485
3 9
3 5
121 584
10 120
1 221
622 848
65 742
1 121
121 122
8 302
9 9
291 463
7 121
3 4
21 485
831 849
1 485
172 985
157 593
9 122
1 5
9 109
533 896
270 419
78 638
125 220
157 896
728 818
120 742
21 121
573 782
384 742
9 302
639 741
384 484
7 485
113 799
77 960
316 607
100 1000
8 109
122 483
122 1000
50 240
1 484
1 1000
164 989
7 302
11 386
1 1
565 953
181 532
1 9
4 9
144 785
638 823
45 72
3 484
7 10
3 10
419 611
499 523
191 413
8 9
4 299
34 591
515 801
317 909
483 584
121 221
