100
660 741
1 742
20 893
121 485
21 259
531 853
10 120
198 206
65 485
7 373
1 9
924 931
9 10
47 677
416 843
21 221
3 5
8 122
384 584
65 302
452 796
7 109
332 938
121 742
3 6
895 952
255 636
3 9
3 65
120 485
528 941
21 484
9 65
1 4
303 485
212 457
655 658
105 565
657 704
1 1
470 878
384 484
1 221
120 221
1 10
4 65
384 742
48 285
120 584
209 575
106 990
122 483
3 109
1 584
1 6
483 584
1 302
100 1000
535 554
64 258
1 101
1 121
222 564
1 104
4 5
577 814
121 121
1 5
530 554
122 1000
1 1000
720 984
9 9
121 484
7 584
1 2
1 122
12 726
3 302
83 730
7 302
9 121
1 109
303 742
481 988
1 484
666 948
467 726
65 584
9 109
532 734
230 482
267 997
121 302
3 485
35 413
210 957
4 10
21 485
372 551
